225 0 305 480
227 0 306 480
227 0 306 480
227 0 306 480
227 0 306 480
227 0 306 480
228 0 308 480
231 0 311 480
233 0 314 480
239 0 321 480
245 0 326 480
251 0 334 480
257 0 339 480
261 0 342 480
263 0 342 480
263 0 342 480
263 0 340 480
265 0 339 480
263 0 342 480
263 0 342 480
263 0 342 480
263 0 342 480
261 0 340 480
261 0 342 480
263 0 342 480
263 0 344 480
263 0 342 480
262 0 342 480
260 0 341 480
256 0 337 480
253 0 335 480
254 0 333 480
251 0 330 480
248 0 326 480
247 0 325 480
244 0 324 480
243 0 321 480
243 0 323 480
243 0 323 480
241 0 320 480
240 0 319 480
240 0 316 480
240 0 316 480
240 0 317 480
239 0 314 480
238 0 315 480
239 0 314 480
240 0 313 480
241 0 315 480
242 0 316 480
243 0 319 480
245 0 320 480
248 0 326 480
254 0 331 480
259 0 335 480
265 0 341 480
267 0 347 480
273 0 349 480
277 0 353 480
280 0 360 480
283 0 363 480
288 0 370 480
293 0 375 480
293 0 379 480
299 0 384 480
301 0 390 480
305 0 395 480
307 0 405 480
312 0 406 480
314 0 409 480
313 0 411 480
315 0 415 480
315 0 420 480
315 0 418 480
313 0 416 480
311 0 416 480
309 0 416 480
306 0 416 480
304 0 415 480
296 0 412 480
299 0 412 480
295 0 408 480
293 0 405 480
291 0 404 480
286 0 401 480
282 0 397 480
280 0 396 480
277 0 394 480
274 0 393 480
272 0 388 480
269 0 386 480
269 0 384 480
267 0 382 480
263 0 376 480
258 0 375 480
259 0 371 480
258 0 367 480
255 0 365 480
254 0 365 480
252 0 360 480
250 0 358 480
252 0 358 480
253 0 358 480
252 0 358 480
253 0 359 480
255 0 360 480
257 0 360 480
261 0 364 480
261 0 364 480
263 0 369 480
266 0 371 480
269 0 374 480
273 0 374 480
275 0 380 480
276 0 382 480
280 0 386 480
282 0 388 480
285 0 390 480
289 0 395 480
292 0 397 480
295 0 401 480
299 0 412 480
302 0 415 480
305 0 420 480
306 0 422 480
310 0 426 480
309 0 427 480
313 0 432 480
316 0 435 480
317 0 437 480
317 0 438 480
318 0 441 480
318 0 441 480
317 0 442 480
317 0 444 480
316 0 441 480
313 0 440 480
311 0 441 480
307 0 437 480
304 0 434 480
302 0 432 480
298 0 431 480
295 0 427 480
290 0 422 480
288 0 420 480
284 0 416 480
279 0 409 480
274 0 407 480
270 0 399 480
266 0 393 480
264 0 391 480
263 0 387 480
255 0 384 480
253 0 373 480
246 0 370 480
243 0 369 480
241 0 365 480
238 0 362 480
239 0 360 480
239 0 360 480
240 0 359 480
240 0 358 480
242 0 357 480
243 0 356 480
246 0 357 480
244 0 356 480
246 0 357 480
250 0 361 480
253 0 363 480
254 0 365 480
258 0 367 480
259 0 366 480
262 0 371 480
265 0 373 480
271 0 374 480
273 0 379 480
276 0 384 480
285 0 391 480
285 0 391 480
288 0 393 480
289 0 402 480
291 0 404 480
290 0 403 480
294 0 409 480
297 0 414 480
298 0 416 480
301 0 414 480
305 0 419 480
303 0 421 480
302 0 422 480
300 0 421 480
299 0 420 480
300 0 419 480
297 0 416 480
295 0 413 480
296 0 415 480
291 0 427 480
292 0 416 480
290 0 413 480
290 0 409 480
290 0 409 480
287 0 408 480
285 0 405 480
282 0 406 480
281 0 399 480
278 0 398 480
277 0 396 480
276 0 396 480
273 0 391 480
272 0 390 480
270 0 390 480
270 0 391 480
271 0 389 480
272 0 391 480
272 0 391 480
276 0 391 480
276 0 394 480
275 0 394 480
275 0 395 480
277 0 393 480
278 0 390 480
278 0 391 480
278 0 395 480
279 0 398 480
278 0 396 480
280 0 394 480
279 0 394 480
279 0 394 480
279 0 394 480
277 0 396 480
274 0 393 480
275 0 387 480
271 0 387 480
269 0 384 480
267 0 383 480
265 0 383 480
264 0 379 480
260 0 377 480
259 0 378 480
261 0 374 480
258 0 371 480
258 0 373 480
