235 0 245 480
236 0 242 480
236 0 242 480
236 0 242 480
236 0 242 480
236 0 242 480
236 0 244 480
238 0 244 480
238 0 246 480
240 0 246 480
240 0 246 480
240 0 246 480
240 0 246 480
238 0 246 480
236 0 244 480
236 0 242 480
236 0 244 480
236 0 246 480
237 0 248 480
242 0 252 480
245 0 256 480
246 0 252 480
244 0 252 480
242 0 247 480
239 0 250 480
241 0 256 480
248 0 260 480
255 0 271 480
263 0 279 480
266 0 287 480
276 0 295 480
284 0 303 480
292 0 316 480
300 0 329 480
307 0 337 480
312 0 338 480
317 0 347 480
321 0 353 480
327 0 361 480
333 0 371 480
337 0 378 480
338 0 380 480
339 0 383 480
338 0 383 480
336 0 380 480
334 0 378 480
330 0 377 480
322 0 376 480
320 0 374 480
316 0 373 480
310 0 369 480
304 0 364 480
302 0 358 480
294 0 359 480
287 0 361 480
282 0 347 480
280 0 345 480
274 0 342 480
270 0 336 480
264 0 331 480
259 0 330 480
256 0 324 480
247 0 318 480
246 0 312 480
242 0 308 480
238 0 303 480
236 0 301 480
234 0 301 480
232 0 298 480
230 0 295 480
228 0 290 480
226 0 291 480
226 0 288 480
224 0 287 480
224 0 289 480
222 0 287 480
224 0 283 480
222 0 287 480
222 0 288 480
224 0 289 480
230 0 292 480
232 0 293 480
232 0 297 480
236 0 299 480
242 0 301 480
240 0 305 480
244 0 310 480
254 0 311 480
256 0 317 480
256 0 321 480
266 0 327 480
266 0 331 480
271 0 327 480
274 0 333 480
278 0 337 480
282 0 349 480
281 0 359 480
284 0 364 480
291 0 371 480
292 0 375 480
296 0 368 480
299 0 373 480
302 0 377 480
301 0 377 480
304 0 379 480
305 0 391 480
306 0 394 480
305 0 394 480
305 0 400 480
305 0 399 480
305 0 399 480
302 0 402 480
305 0 402 480
303 0 400 480
301 0 401 480
300 0 401 480
298 0 401 480
296 0 399 480
294 0 397 480
292 0 395 480
290 0 396 480
288 0 393 480
286 0 394 480
286 0 391 480
286 0 389 480
286 0 389 480
284 0 390 480
284 0 389 480
282 0 390 480
279 0 388 480
278 0 386 480
276 0 384 480
278 0 384 480
275 0 384 480
273 0 382 480
271 0 380 480
270 0 378 480
267 0 379 480
267 0 376 480
268 0 373 480
266 0 371 480
268 0 371 480
266 0 372 480
263 0 372 480
266 0 368 480
264 0 370 480
264 0 369 480
262 0 368 480
260 0 366 480
258 0 365 480
256 0 362 480
254 0 360 480
256 0 359 480
254 0 357 480
252 0 355 480
250 0 356 480
248 0 348 480
246 0 349 480
245 0 345 480
245 0 342 480
243 0 340 480
243 0 340 480
245 0 342 480
247 0 344 480
248 0 348 480
255 0 349 480
263 0 355 480
265 0 360 480
269 0 366 480
270 0 368 480
275 0 372 480
278 0 378 480
283 0 380 480
284 0 385 480
288 0 391 480
293 0 390 480
294 0 392 480
294 0 397 480
292 0 398 480
294 0 397 480
292 0 397 480
291 0 400 480
292 0 398 480
287 0 398 480
287 0 396 480
286 0 391 480
284 0 389 480
282 0 390 480
275 0 384 480
274 0 380 480
272 0 380 480
270 0 375 480
266 0 369 480
264 0 365 480
262 0 365 480
260 0 358 480
252 0 357 480
252 0 355 480
250 0 353 480
251 0 348 480
249 0 348 480
249 0 341 480
246 0 339 480
247 0 341 480
245 0 339 480
245 0 339 480
247 0 336 480
247 0 337 480
247 0 337 480
245 0 335 480
247 0 337 480
245 0 335 480
245 0 334 480
247 0 331 480
245 0 334 480
245 0 334 480
244 0 331 480
245 0 328 480
243 0 329 480
243 0 329 480
247 0 323 480
245 0 326 480
245 0 324 480
245 0 324 480
243 0 328 480
247 0 326 480
247 0 328 480
247 0 328 480
247 0 331 480
249 0 330 480
251 0 330 480
251 0 332 480
252 0 335 480
254 0 334 480
