325 0 325 480
325 0 325 480
325 0 325 480
323 0 323 480
323 0 323 480
320 0 323 480
318 0 321 480
319 0 319 480
319 0 319 480
319 0 319 480
321 0 318 480
319 0 319 480
319 0 319 480
318 0 321 480
321 0 318 480
319 0 319 480
319 0 319 480
319 0 319 480
319 0 319 480
321 0 321 480
321 0 321 480
321 0 321 480
321 0 321 480
321 0 318 480
321 0 318 480
321 0 321 480
321 0 321 480
321 0 321 480
323 0 320 480
323 0 323 480
327 0 327 480
333 0 330 480
339 0 336 480
341 0 341 480
345 0 345 480
348 0 351 480
356 0 359 480
358 0 361 480
367 0 367 480
369 0 369 480
375 0 375 480
374 0 377 480
376 0 382 480
376 0 379 480
377 0 377 480
377 0 377 480
377 0 377 480
375 0 375 480
370 0 373 480
370 0 373 480
369 0 369 480
369 0 366 480
369 0 366 480
365 0 365 480
361 0 361 480
361 0 361 480
359 0 359 480
358 0 361 480
356 0 361 480
357 0 357 480
357 0 357 480
359 0 359 480
359 0 359 480
359 0 356 480
357 0 354 480
357 0 354 480
354 0 357 480
357 0 357 480
357 0 357 480
359 0 359 480
359 0 359 480
359 0 356 480
355 0 352 480
351 0 348 480
351 0 348 480
349 0 346 480
349 0 344 480
351 0 351 480
355 0 352 480
357 0 354 480
359 0 356 480
357 0 354 480
353 0 353 480
355 0 352 480
351 0 348 480
347 0 344 480
347 0 344 480
345 0 339 480
341 0 336 480
337 0 332 480
337 0 334 480
337 0 332 480
337 0 334 480
341 0 338 480
343 0 340 480
349 0 343 480
347 0 344 480
349 0 344 480
349 0 343 480
347 0 342 480
347 0 339 480
345 0 338 480
343 0 337 480
343 0 335 480
341 0 333 480
341 0 333 480
343 0 335 480
341 0 336 480
343 0 337 480
347 0 341 480
351 0 345 480
355 0 347 480
357 0 351 480
361 0 355 480
363 0 357 480
363 0 355 480
363 0 357 480
359 0 352 480
357 0 349 480
356 0 344 480
352 0 341 480
348 0 337 480
346 0 335 480
343 0 332 480
341 0 331 480
343 0 335 480
346 0 335 480
350 0 339 480
350 0 341 480
351 0 344 480
357 0 344 480
357 0 347 480
357 0 347 480
355 0 347 480
360 0 347 480
360 0 348 480
359 0 349 480
357 0 349 480
357 0 347 480
355 0 345 480
353 0 343 480
351 0 343 480
351 0 341 480
349 0 341 480
351 0 344 480
351 0 343 480
353 0 346 480
359 0 349 480
361 0 353 480
363 0 355 480
368 0 357 480
367 0 364 480
367 0 367 480
369 0 366 480
371 0 368 480
371 0 368 480
371 0 365 480
369 0 364 480
369 0 364 480
365 0 362 480
363 0 360 480
361 0 358 480
359 0 353 480
359 0 351 480
355 0 349 480
355 0 350 480
355 0 347 480
353 0 350 480
349 0 349 480
349 0 349 480
349 0 344 480
347 0 341 480
343 0 337 480
341 0 334 480
339 0 331 480
337 0 332 480
337 0 334 480
339 0 333 480
344 0 335 480
345 0 340 480
347 0 339 480
351 0 341 480
353 0 345 480
355 0 347 480
359 0 349 480
357 0 354 480
359 0 353 480
359 0 352 480
359 0 351 480
355 0 347 480
353 0 345 480
351 0 344 480
349 0 343 480
351 0 351 480
357 0 354 480
359 0 356 480
361 0 358 480
361 0 361 480
363 0 357 480
361 0 355 480
358 0 350 480
355 0 347 480
355 0 344 480
351 0 343 480
349 0 339 480
347 0 337 480
343 0 333 480
341 0 332 480
342 0 329 480
339 0 327 480
337 0 325 480
335 0 322 480
334 0 320 480
336 0 323 480
340 0 328 480
347 0 333 480
350 0 338 480
349 0 341 480
351 0 339 480
350 0 339 480
350 0 339 480
347 0 337 480
347 0 334 480
346 0 334 480
347 0 335 480
349 0 335 480
348 0 333 480
347 0 334 480
348 0 335 480
349 0 335 480
347 0 334 480
347 0 335 480
347 0 335 480
348 0 337 480
353 0 340 480
355 0 344 480
361 0 350 480
363 0 353 480
365 0 354 480
365 0 357 480
366 0 354 480
365 0 354 480
363 0 353 480
357 0 349 480
357 0 347 480
352 0 341 480
349 0 340 480
347 0 334 480
344 0 331 480
340 0 327 480
339 0 325 480
338 0 324 480
335 0 323 480
333 0 322 480
333 0 325 480
334 0 323 480
335 0 324 480
340 0 325 480
339 0 325 480
339 0 327 480
343 0 330 480
348 0 333 480
348 0 339 480
352 0 341 480
356 0 345 480
357 0 347 480
360 0 349 480
362 0 350 480
363 0 351 480
363 0 353 480
363 0 357 480
364 0 355 480
