270 0 250 480
269 0 250 480
268 0 253 480
266 0 251 480
265 0 257 480
263 0 255 480
263 0 251 480
263 0 255 480
261 0 255 480
263 0 255 480
263 0 249 480
263 0 249 480
263 0 255 480
262 0 251 480
262 0 251 480
262 0 251 480
261 0 255 480
263 0 255 480
263 0 255 480
262 0 247 480
261 0 247 480
261 0 251 480
261 0 255 480
263 0 249 480
265 0 251 480
265 0 251 480
264 0 249 480
263 0 249 480
263 0 249 480
263 0 249 480
263 0 249 480
263 0 249 480
263 0 249 480
262 0 247 480
260 0 245 480
256 0 241 480
246 0 231 480
237 0 223 480
234 0 222 480
231 0 223 480
241 0 235 480
250 0 256 480
258 0 261 480
260 0 270 480
258 0 275 480
258 0 282 480
257 0 289 480
252 0 294 480
244 0 295 480
256 0 318 480
260 0 322 480
264 0 325 480
264 0 323 480
261 0 316 480
259 0 314 480
255 0 308 480
251 0 306 480
249 0 302 480
242 0 304 480
236 0 302 480
234 0 301 480
232 0 294 480
229 0 291 480
226 0 286 480
222 0 283 480
220 0 276 480
218 0 277 480
216 0 275 480
214 0 276 480
212 0 269 480
211 0 261 480
214 0 264 480
215 0 265 480
220 0 267 480
228 0 277 480
234 0 283 480
243 0 293 480
254 0 301 480
257 0 305 480
261 0 314 480
268 0 320 480
272 0 324 480
276 0 330 480
281 0 334 480
286 0 340 480
290 0 344 480
292 0 351 480
294 0 348 480
297 0 352 480
295 0 351 480
292 0 352 480
290 0 349 480
286 0 348 480
284 0 349 480
282 0 347 480
282 0 349 480
280 0 347 480
278 0 348 480
275 0 346 480
273 0 344 480
272 0 345 480
272 0 340 480
269 0 340 480
268 0 341 480
267 0 341 480
265 0 339 480
263 0 334 480
262 0 334 480
261 0 332 480
259 0 330 480
258 0 330 480
255 0 329 480
253 0 329 480
253 0 329 480
254 0 329 480
256 0 326 480
256 0 326 480
253 0 327 480
254 0 327 480
255 0 326 480
255 0 326 480
256 0 327 480
255 0 326 480
255 0 329 480
257 0 331 480
259 0 333 480
259 0 335 480
264 0 335 480
265 0 336 480
266 0 336 480
265 0 341 480
267 0 341 480
267 0 346 480
270 0 348 480
274 0 352 480
277 0 355 480
279 0 357 480
279 0 360 480
281 0 364 480
282 0 365 480
285 0 367 480
286 0 369 480
288 0 373 480
289 0 375 480
291 0 376 480
291 0 376 480
290 0 377 480
289 0 375 480
287 0 374 480
285 0 375 480
283 0 373 480
283 0 371 480
281 0 367 480
280 0 369 480
278 0 367 480
277 0 365 480
275 0 367 480
273 0 362 480
267 0 358 480
265 0 354 480
263 0 358 480
263 0 358 480
262 0 354 480
261 0 352 480
258 0 351 480
262 0 346 480
260 0 345 480
259 0 347 480
257 0 348 480
259 0 345 480
259 0 348 480
263 0 349 480
262 0 350 480
263 0 349 480
262 0 349 480
263 0 352 480
267 0 353 480
269 0 354 480
273 0 362 480
277 0 365 480
279 0 365 480
281 0 369 480
281 0 371 480
285 0 372 480
287 0 376 480
285 0 377 480
287 0 379 480
287 0 379 480
285 0 379 480
285 0 379 480
283 0 380 480
283 0 380 480
281 0 378 480
279 0 374 480
277 0 371 480
275 0 369 480
271 0 366 480
266 0 364 480
265 0 355 480
262 0 355 480
257 0 357 480
254 0 360 480
253 0 353 480
253 0 347 480
250 0 345 480
249 0 335 480
246 0 333 480
243 0 331 480
241 0 330 480
242 0 329 480
239 0 329 480
239 0 325 480
240 0 325 480
237 0 326 480
237 0 329 480
239 0 329 480
242 0 328 480
243 0 322 480
245 0 323 480
249 0 325 480
251 0 333 480
254 0 338 480
256 0 338 480
258 0 338 480
259 0 340 480
262 0 344 480
264 0 344 480
263 0 345 480
263 0 342 480
262 0 339 480
261 0 340 480
261 0 337 480
259 0 338 480
260 0 335 480
258 0 338 480
257 0 336 480
262 0 337 480
261 0 340 480
263 0 342 480
265 0 346 480
269 0 350 480
273 0 354 480
273 0 354 480
275 0 358 480
278 0 361 480
276 0 361 480
279 0 358 480
279 0 363 480
278 0 363 480
274 0 358 480
271 0 355 480
266 0 353 480
263 0 351 480
261 0 345 480
259 0 340 480
257 0 338 480
256 0 336 480
257 0 338 480
255 0 338 480
253 0 334 480
254 0 334 480
253 0 332 480
251 0 332 480
251 0 332 480
250 0 330 480
249 0 325 480
248 0 323 480
247 0 318 480
241 0 319 480
237 0 308 480
