323 0 233 480
327 0 233 480
329 0 237 480
337 0 249 480
341 0 255 480
353 0 267 480
365 0 283 480
376 0 297 480
388 0 314 480
402 0 333 480
407 0 337 480
419 0 351 480
429 0 363 480
436 0 374 480
441 0 382 480
443 0 387 480
442 0 389 480
443 0 390 480
437 0 388 480
431 0 379 480
421 0 370 480
411 0 359 480
396 0 348 480
384 0 336 480
377 0 328 480
364 0 314 480
352 0 302 480
337 0 286 480
323 0 267 480
307 0 249 480
291 0 230 480
276 0 212 480
263 0 198 480
254 0 187 480
250 0 185 480
249 0 181 480
250 0 179 480
253 0 181 480
260 0 195 480
270 0 200 480
281 0 208 480
291 0 218 480
296 0 225 480
301 0 227 480
309 0 236 480
316 0 243 480
321 0 253 480
328 0 259 480
336 0 268 480
343 0 280 480
349 0 281 480
356 0 294 480
367 0 308 480
381 0 329 480
396 0 348 480
413 0 369 480
436 0 399 480
442 0 413 480
448 0 419 480
461 0 439 480
473 0 455 480
481 0 468 480
485 0 473 480
483 0 473 480
477 0 474 480
469 0 469 480
463 0 460 480
453 0 450 480
436 0 439 480
422 0 427 480
410 0 413 480
396 0 399 480
385 0 385 480
373 0 370 480
361 0 361 480
350 0 353 480
347 0 347 480
341 0 336 480
333 0 327 480
325 0 319 480
317 0 306 480
307 0 294 480
296 0 279 480
290 0 272 480
279 0 255 480
272 0 248 480
265 0 241 480
259 0 233 480
256 0 223 480
250 0 218 480
248 0 216 480
245 0 210 480
243 0 207 480
247 0 203 480
249 0 207 480
253 0 207 480
259 0 212 480
265 0 218 480
274 0 224 480
278 0 228 480
283 0 236 480
291 0 242 480
298 0 245 480
305 0 251 480
312 0 260 480
319 0 268 480
326 0 273 480
332 0 279 480
338 0 285 480
341 0 288 480
344 0 294 480
352 0 302 480
355 0 308 480
363 0 318 480
371 0 327 480
377 0 336 480
381 0 339 480
388 0 353 480
395 0 358 480
402 0 369 480
408 0 381 480
416 0 386 480
417 0 396 480
421 0 396 480
423 0 401 480
423 0 402 480
421 0 400 480
417 0 396 480
412 0 397 480
406 0 389 480
402 0 385 480
395 0 377 480
387 0 372 480
380 0 364 480
371 0 352 480
361 0 342 480
353 0 332 480
343 0 325 480
337 0 316 480
329 0 307 480
325 0 301 480
320 0 297 480
315 0 288 480
308 0 281 480
302 0 273 480
293 0 263 480
286 0 251 480
278 0 241 480
270 0 234 480
268 0 230 480
264 0 223 480
259 0 217 480
255 0 209 480
252 0 206 480
254 0 207 480
257 0 208 480
260 0 207 480
262 0 210 480
265 0 212 480
270 0 214 480
277 0 223 480
283 0 227 480
288 0 231 480
295 0 239 480
303 0 249 480
311 0 255 480
320 0 266 480
325 0 268 480
329 0 273 480
337 0 286 480
345 0 289 480
351 0 302 480
358 0 308 480
364 0 314 480
367 0 318 480
371 0 326 480
375 0 331 480
381 0 339 480
386 0 345 480
389 0 349 480
392 0 353 480
393 0 358 480
394 0 359 480
394 0 360 480
394 0 362 480
394 0 364 480
391 0 365 480
395 0 368 480
395 0 369 480
394 0 369 480
390 0 372 480
389 0 372 480
385 0 364 480
379 0 358 480
376 0 354 480
372 0 347 480
366 0 343 480
359 0 340 480
355 0 334 480
350 0 328 480
345 0 322 480
338 0 313 480
330 0 303 480
320 0 290 480
313 0 281 480
310 0 278 480
302 0 270 480
296 0 269 480
295 0 266 480
298 0 266 480
298 0 264 480
304 0 267 480
307 0 269 480
309 0 272 480
311 0 271 480
315 0 273 480
314 0 273 480
317 0 275 480
320 0 279 480
324 0 285 480
327 0 286 480
329 0 290 480
334 0 294 480
337 0 298 480
343 0 304 480
351 0 310 480
356 0 322 480
367 0 334 480
372 0 338 480
380 0 348 480
388 0 359 480
394 0 365 480
399 0 370 480
398 0 371 480
395 0 368 480
389 0 363 480
382 0 355 480
376 0 349 480
371 0 342 480
365 0 339 480
